نماد	p/e	بازار	گروه
زگلدشت	10.42	2	01
زپارس	19.15	1	01
زكشت	31.79	2	01
تليسه	26.35	2	01
زدشت	16.54	2	01
آينده	47.84	4	01
زشگزا	17.66	2	01
زفكا	8.79	2	01
زشريف	27.32	2	01
زقيام	10.83	2	01
آبين	166.51	4	01
زبينا	18.77	2	01
زماهان	20.5	2	01
زمگسا	17.39	1	01
كطبس	13.6	1	10
كپرور	15.61	2	10
كشرق	55.01	2	10
حفاري	13.13	1	11
كدما	55.36	1	13
تكنار	-39.8	4	13
تاصيكو	9.09	1	13
كاما	6.28	1	13
كگل	6.37	1	13
كبافق	230.79	1	13
كمنگنز	8.7	1	13
ومعادن	9.08	1	13
كروي	11.23	1	13
كنور	8.05	1	13
كچاد	5.23	1	13
كماسه	48.02	1	14
نبروج	3.3	1	17
نطرين	15.07	2	17
نمرينو	151.98	1	17
نتوس	-622.44	4	17
نشار	1.09	4	17
وملي	4069.2	1	19
چنوپا	0.09	4	20
چفيبر	-264.92	1	20
چكاوه	-78.37	1	21
چكاپا	11.6	2	21
چكارن	77.72	1	21
چافست	20.77	1	22
شپاس	8.16	2	23
شبندر	4.65	1	23
شرانل	7.37	2	23
ونفت	8.52	1	23
شراز	5.4	2	23
شتران	4.67	1	23
شبهرن	6.82	1	23
شسپا	5.11	1	23
شپنا	3.84	1	23
شبريز	5.49	1	23
شنفت	9.25	1	23
شاوان	7.27	2	23
شزنگ	-92.02	4	23
پارتا	28.16	4	25
پلاست	-4.31	4	25
پسهند	11.09	1	25
پتاير	7.01	1	25
پاسا	8.75	1	25
پكرمان	21.16	1	25
پدرخش	12.97	1	25
پلوله	-0.79	4	25
پشاهن	13.06	4	25
پكوير	80.8	1	25
پلاسك	-19.82	1	25
فسديد	-2.1	4	27
فخوز	4.39	1	27
فسپا	6.46	1	27
فپنتا	31.34	1	27
ذوب	11.59	2	27
فروس	16.96	1	27
فسرب	17.12	1	27
فايرا	4.63	1	27
فرآور	14	1	27
زنگان	76.37	2	27
ميدكو	20.03	2	27
فمراد	-64.77	1	27
كاوه	6.64	1	27
فنفت	30.25	4	27
ارفع	6.38	2	27
فباهنر	6.47	1	27
فاسمين	5.53	1	27
فلوله	1216.56	1	27
فولاژ	5.8	1	27
فسازان	15.8	1	27
فجر	5.28	1	27
فوكا	-39.02	4	27
وتوكا	15.28	1	27
فافزا	23.7	4	27
وسديد	-32.81	4	27
فخاس	21.82	1	27
فولاد	3.69	1	27
كيميا	7.01	2	27
فالوم	-86.61	4	27
فنوال	13.43	1	27
هرمز	7.1	2	27
فولاي	11.26	2	27
فملي	4.91	1	27
فاهواز	-24.71	4	27
فنورد	20.56	1	27
فزرين	13.31	2	27
كوير	5.71	1	27
چدن	5.88	1	28
فجام	16.43	1	28
فجوش	-0.42	4	28
فنرژي	-1.3	4	28
فلامي	10.08	1	28
فبستم	31.59	4	28
فبيرا	10.07	4	28
فاذر	43.84	1	28
فاراك	22.98	1	28
فاما	8.18	1	28
لخانه	29.57	4	29
تكشا	18.76	1	29
لخزر	12.4	1	29
لازما	-57.28	4	29
تكنو	1003.67	1	29
لبوتان	22.61	1	29
تكمبا	50.65	1	29
تپكو	-14.62	4	29
وتوشه	8.64	1	29
لسرما	19.21	1	29
تمحركه	-453.82	1	29
تايرا	8.07	1	29
لابسا	15.48	1	29
تفيرو	-15.95	4	29
بسويچ	17.65	1	31
بنيرو	13.14	1	31
نيرو	11.01	4	31
بالبر	60.63	1	31
بكاب	70.44	1	31
بشهاب	11.46	1	31
بتك	212.49	4	31
بترانس	14.57	1	31
بموتو	7.07	1	31
بكام	66	1	31
بايكا	-12.47	4	31
لپيام	45.86	4	32
لپارس	29.58	1	32
لكما	-27.76	4	32
خلنت	18.29	1	34
خرينگ	159.21	1	34
خپارس	-1.32	1	34
خموتور	30.44	1	34
خكمك	-254.94	1	34
خفناور	-103.45	4	34
خريخت	-34.47	1	34
خاهن	38.77	1	34
خزاميا	-12.68	1	34
خمحور	60.38	1	34
خچرخش	118.23	1	34
ورنا	14.2	1	34
خكار	20.02	1	34
خعمرا	-26.43	4	34
خزر	31.52	1	34
خوساز	192.33	1	34
ختوقا	105.65	1	34
خاور	-0.5	4	34
خاذين	-15.84	1	34
خكرمان	13.44	4	34
خگستر	286.47	1	34
خمهر	-7.43	1	34
خمحركه	33.36	1	34
خشرق	469.88	1	34
خفنر	36.85	1	34
خپويش	10.48	1	34
خديزل	6.45	2	34
ختور	16.77	1	34
خنصير	34.85	1	34
خكاوه	-0.81	4	34
خبهمن	6.55	1	34
خساپا	-1.09	1	34
خودرو	-0.94	1	34
تشتاد	-82.1	4	34
ختراك	13.97	1	34
قشرين	107.13	4	38
قپيرا	19.77	1	38
قنيشا	16.59	1	38
قزوين	10.12	1	38
قلرست	22.93	1	38
قشكر	254.97	1	38
قنقش	36.96	4	38
قاروم	3.23	4	38
قشهد	14.61	1	38
قشير	26.56	2	38
قصفها	14.46	1	38
قهكمت	9.52	1	38
قثابت	276.29	1	38
قمرو	13.46	1	38
وبانك	5.02	1	39
وصندوق	4.98	1	39
وغدير	8.58	1	39
واميد	7.81	1	39
ونيرو	18	1	40
بزاگرس	23.22	2	40
بكهنوج	-17.92	2	40
وهور	22.85	2	40
بمپنا	40.34	2	40
بفجر	5.98	1	40
مبين	5.09	1	40
بجهرم	140.11	2	40
دماوند	57.42	2	40
غگرجي	18.99	1	42
بهپاك	14.48	2	42
خودكفا	28.83	4	42
غمهرا	26.04	1	42
غدام	15.52	1	42
غالبر	26.5	1	42
غگل	18.79	1	42
غبهنوش	40.51	1	42
غدشت	213.48	1	42
غاذر	19.45	1	42
غگز	-17.03	2	42
غيوان	-21.46	4	42
غمينو	13.6	2	42
غشوكو	19.48	4	42
وبشهر	9.93	1	42
غپاك	-47.72	1	42
غشاذر	39.8	1	42
غپينو	20.1	1	42
غنيلي	-51.61	2	42
غگلپا	17.5	2	42
غپآذر	102.24	2	42
غپونه	12.78	4	42
غويتا	18.14	2	42
غمارگ	17.52	1	42
غسالم	39.46	1	42
غنوش	88.22	1	42
تبرك	9.09	2	42
غديس	14.5	2	42
غشهداب	6.57	2	42
غفارس	60.44	2	42
غشصفا	18.54	1	42
غگلستا	85.49	2	42
غشهد	2.97	1	42
غبشهر	12.14	1	42
غصينو	15.47	4	42
غشان	38.78	1	42
دسينا	14.06	1	43
دحاوي	10.26	4	43
دزهراوي	-93.86	1	43
دلر	8.02	1	43
شتهران	8.17	4	43
داسوه	10.86	1	43
دكيمي	9.44	1	43
تيپيكو	8.38	1	43
دجابر	12.85	1	43
دقاضي	17.4	4	43
دفارا	5.45	1	43
دشيمي	20.88	1	43
دتهران‌	8.95	4	43
كاسپين	9.09	2	43
دكپسول	14.63	2	43
ددام	81.1	1	43
داوه	36.03	2	43
دتوزيع	20.64	2	43
هجرت	10.9	2	43
بركت	61.7	1	43
دشيري	8.53	4	43
دتماد	13.42	1	43
كي بي سي	17.36	2	43
دسبحا	10.61	1	43
دامين	9.08	1	43
درازك	10.4	1	43
دسانكو	63.48	2	43
دروز	71.84	1	43
دسبحان	10.09	1	43
دارو	9.94	1	43
درهآور	32.45	2	43
ديران	24.69	1	43
والبر	8.58	1	43
دپارس	8.9	1	43
دابور	10.19	1	43
دبالك	26.85	2	43
پخش	14.89	2	43
دكوثر	16.13	1	43
دفرا	10.44	1	43
شفا	10.82	1	43
ريشمك	17.28	2	43
وپخش	10.74	1	43
دتوليد	27.75	2	43
دالبر	12.07	1	43
دعبيد	40.28	1	43
شلرد	-1440	4	44
ساينا	8.98	2	44
شفارا	-144.36	4	44
جهرم	75.3	4	44
شتولي	-0.6	4	44
شپلي	-11.4	4	44
جم پيلن	5.5	1	44
پترول	8.62	1	44
كازرو	-303	4	44
مارون	6.8	2	44
شوينده	12.89	1	44
شكبير	7.57	4	44
شاملا	9.43	1	44
شپترو	-5.48	4	44
شگل	8.62	1	44
داراب	57.31	4	44
شكربن	13.84	1	44
شدوص	12.18	1	44
پاكشو	12.83	1	44
شفن	3.52	1	44
دهدشت	-934.33	4	44
تاپيكو	6.98	1	44
نوري	8.4	1	44
شپديس	4.78	1	44
زاگرس	4.03	2	44
شبصير	5.01	2	44
شفارس	52.21	1	44
شرنگي	83.57	4	44
پارس	5.71	1	44
شسينا	12.7	1	44
شاراك	4.41	1	44
شيران	6.27	1	44
شجم	19.42	4	44
شغدير	5.13	2	44
فسا	64.92	4	44
ممسني	-325.43	4	44
شستان	-268.5	4	44
شصفها	4.01	4	44
خراسان	4.31	1	44
پارسان	6.19	1	44
شكف	-2.22	4	44
شلعاب	402.43	1	44
شيراز	5.58	1	44
شتوكا	23.9	2	44
شپارس	14.78	1	44
شمواد	-464.12	4	44
فارس	6.59	1	44
جم	6.02	1	44
كرماشا	5.57	1	44
وپترو	79.48	1	44
شخارك	6.37	1	44
شسم	-45.77	4	44
شپاكسا	5.84	1	44
زنجان	-2076	4	44
وپسا	307.33	4	45
خصدرا	65.99	4	45
بالاس	21.56	2	45
بميلا	6.05	4	46
قاسم	31.81	2	47
افق	16.71	1	47
كهرام	-48.93	4	49
كلوند	12.87	1	49
كحافظ	-186.36	1	49
كصدف	-69.67	4	49
كساوه	9.54	1	49
كترام	21.26	1	49
كپارس	10.02	1	49
كسعدي	17.32	1	49
سنير	15.13	1	53
سيدكو	12.11	1	53
سصوفي	13.17	1	53
سغرب	16	1	53
سفار	20.76	1	53
سهگمت	11.48	1	53
سباقر	9.86	4	53
سصفها	41.72	1	53
سمازن	12.71	1	53
سقاين	20.71	1	53
سيلام	110.55	1	53
سبزوا	6.89	2	53
سمتاز	6.86	4	53
سلار	694.78	4	53
سخوز	8.2	1	53
سپاها	179.09	1	53
ساروج	7.51	4	53
سخزر	7.15	1	53
سشرق	9.3	1	53
سبهان	9.29	1	53
سرود	15.21	1	53
سهرمز	9.72	1	53
سشمال	9.72	1	53
ساروم	6.9	1	53
سخواف	-97.22	4	53
سكارون	-7.92	4	53
سدشت	62.41	1	53
ساربيل	7.65	1	53
سكرد	-2363	1	53
ساراب	7.73	1	53
سدور	2264	1	53
سفارس	13.92	1	53
سجام	-4.55	4	53
سفانو	6.53	1	53
ستران	-2087.83	1	53
سخاش	8.59	1	53
سكرما	7.16	1	53
كفپارس	-59.35	1	54
كاذر	9.56	1	54
كمينا	66.18	4	54
كفرا	7.98	1	54
كگاز	18.38	1	54
كپشير	25.87	1	54
كهمدا	8.42	1	54
كباده	1.35	4	54
كمرجان	75.75	2	54
كتوكا	7.41	2	54
كخاك	8.91	1	54
كسرام	-41.47	1	54
سايرا	-8.29	4	54
كرازي	9.26	1	54
سپرمي	-4.05	4	54
سفارود	-6.49	4	54
كقزوي	20.47	4	54
كابگن	-2.24	4	54
سفاسي	-150.89	4	54
كساپا	46.98	1	54
كايتا	248.86	4	54
كسرا	21.79	1	54
سمگا	-1643.25	2	55
گكيش	61.25	4	55
گكوثر	27.49	2	55
گپارس	72.17	4	55
وكادو	26.67	4	56
وسكاب	3.3	1	56
واتي	6.84	1	56
وشمال	-33.13	4	56
وتوصا	29.61	1	56
وصنعت	3.86	1	56
سدبير	11.08	2	56
وآداك	1400.6	4	56
پرديس	3.83	1	56
معيار 	-16523	4	56
وصنا	4.55	1	56
وجامي	12.05	4	56
وسبحان	3.77	2	56
وايرا	12.89	4	56
وسپه	5.48	1	56
گوهران	4.32	2	56
وبوعلي	4.28	1	56
سرچشمه	6.5	2	56
واعتبار	6.24	1	56
وملت	43.89	4	56
وتوسم	3.48	1	56
ونيكي	5.71	1	56
وبرق	30.65	4	56
وگستر	6.06	2	56
وبيمه	30.4	1	56
اعتلا	5.52	2	56
سنوين	786.4	4	56
فلات	155.5	4	56
وبهمن	11.28	1	56
وآرين	2.98	4	56
آريان	23.66	4	56
وساپا	14.52	1	56
وملل	2.69	2	57
سامان	1.86	4	57
وپاسار	5.35	1	57
وبصادر	-6.99	1	57
وپارس	-5.13	1	57
وسالت	-11.88	4	57
وشهر	-0.62	4	57
وآيند	14.71	4	57
سمايه	-0.06	4	57
وبملت	2.19	1	57
ونوين	-4.37	1	57
وخاور	4.85	1	57
وپست	-3.93	1	57
وزمين	-0.22	4	57
توسعه	12.15	4	57
وكار	10.72	1	57
وتجارت	16.59	1	57
وسينا	16.83	1	57
وگردش	2.64	4	57
ولبهمن	10.8	2	58
ولغدر	14.24	1	58
ولملت	6.36	1	58
وايران	6.98	1	58
ولساپا	9.73	1	58
وليز	-24.49	1	58
ولصنم	9.16	1	58
حتايد	6.13	1	60
حكشتي	22.92	1	60
حپارسا	23.32	2	60
حرهشا	22.1	4	60
حريل	16.13	2	60
حآسا	44.92	2	60
حتوكا	73.02	1	60
حفارس	-297.44	1	60
حپترو	194.02	1	60
حسينا	7.13	2	60
حبندر	2.34	4	60
حسير	17.78	2	60
توريل	8.49	2	60
حاريا	-8.18	4	61
حخزر	12.97	2	61
اخابر	7.79	1	64
همراه	7.65	1	64
وآتوس	-100.8	4	65
وثوق	19.33	4	65
ومشان	53.99	4	65
واحصا	45.34	4	65
وارس	13.68	4	65
ولشرق	9.68	2	65
واحيا	10.28	4	65
ولراز	-80.33	4	65
وسنا	17.17	4	65
ولتجار	-95.76	4	65
ولانا	53.12	4	65
آسيا	15	1	66
دانا	16.66	1	66
پارسيان	13.18	1	66
اتكام	10.87	2	66
ما	6.55	1	66
ورازي	-501.6	4	66
نوين	6.26	2	66
بخاور	9.13	4	66
ميهن	-208.5	2	66
بساما	15.92	2	66
وتعاون	37.37	4	66
وسين	-12.67	4	66
ودي	4.97	2	66
وحافظ	-17.25	4	66
اتكاي	7.02	2	66
وسرمد	11.16	4	66
ملت	16.97	1	66
ومعلم	50.24	2	66
وآفري	16.27	4	66
البرز	15.74	1	66
بنو	8.95	4	66
كوثر	10.35	2	66
بپاس	16.07	2	66
نكالا	53.26	1	67
لوتوس	5.84	1	67
فرابورس	16.02	2	67
اكالا	212.07	1	67
تنوين	5.59	1	67
نبورس	14.79	1	67
كبورس	14.79	1	67
بورس	14.68	1	67
كالا	65.28	1	67
اميد	6.07	1	67
سخند	3.68	2	68
ثاخت	-38.39	1	70
ثتوسا	215.77	4	70
ثنام	38.39	4	70
ثعمرا	33.97	2	70
آ س پ	-265.43	2	70
ثاصفا	3.69	4	70
ثرود	70.53	2	70
ثشاهد	12.26	1	70
ثپرديس	18.81	2	70
ثباغ	25.59	2	70
كرمان	23.66	2	70
ثعتما	55.28	4	70
ثنظام	297.94	4	70
ثزاگرس	-19.53	4	70
ثفارس	15.08	1	70
وثخوز	-5204.67	4	70
ثاباد	2221.5	1	70
ثجوان	-38.27	4	70
وآذر	-151.08	1	70
ثمسكن	20.81	1	70
ثنوسا	-32.61	1	70
ثشرق	18.61	1	70
وساخت	-64.1	1	70
ثغرب	232.38	2	70
ثتران	35.39	2	70
ثالوند	13.04	2	70
كيسون	25.35	4	70
وتوس	62.13	1	70
ثامان	174.97	1	70
خبازرس	7.11	4	71
رتاپ	8.29	1	72
پرداخت	10.65	1	72
تاپكيش	12.94	2	72
رانفور	11.39	1	72
سپ	14.85	1	72
آپ	11.77	1	72
ركيش	8.15	1	72
افرا	14.44	2	72
سيستم	10.08	1	72
مداران	16.04	1	72
فن آوا	22.41	4	72
مرقام	-33.25	1	72
مفاخر	24.25	2	72
اوان	90.7	2	73
هاي وب	30	1	73
رنيك	16.76	2	74
خفولا	40.17	4	74
رمپنا	14.79	1	74
تابا	7.8	4	74
تپولا	-20.41	4	74
رتكو	44.54	1	74
وهنر	7.38	4	90
